00100000000111010000111110011111,
00100000000010000000000000000000,
00100000000010010000000000010100,
00111100000010100101010110101010,
00111001010010100101010110101010,
00111100000010111010101001010101,
00111001011010111010101001010101,
00100000000100000000000011100001,
10001101000110000000000000000000,
10101101000010100000000000000000,
10001101000011000000000000000000,
00010101010011000000000000010100,
10101101000010110000000000000000,
10001101000011000000000000000000,
00010101011011000000000000010001,
10101101000110000000000000000000,
00010001001010000000000000000001,
00100001000010000000000000000001,
00001000000000000000000000001000,
10001100000011011111111100011000,
00110001101010000000000000000001,
00010100000010000000000000001010,
00110000000010000000000000000000,
00111000000010010010101101100110,
00100000000010100000000000000101,
10101100000010001111111100000000,
00100001010010101111111111111111,
00010100000010101111111111111101,
00100001000010000000010001010111,
00010101001010001111111111111001,
00100000000000000000000000000000,
00001000000000000000000000100010,
00100000000000000000000000000000,
10101100000100001111111100000000,
00100000000010000000111110100000,//fp
00111100000000101000000000000000,//lui中断初始化
01000000100000100000000000000001,//mtc0
%%
jal//不能有空格
%%
00000000000000000000000000000000,//NOP
01000000000000100000000000000100,//mfc0中断
10001100010000111111111111111111,//lw
00000000011000000000000000001000,//jr按照中断处理程序跳转
00000000000000000000000000000000,//NOP
